0 1 0.004
1 1 0.017
2 1 0.067
3 1 0.002
4 1 0.038
5 1 0.011
6 1 0.022
7 1 0.054
8 1 0.04
9 1 0.076
10 1 0.064
11 1 0.165
12 1 0.163
13 1 0.054
14 1 0.003
15 1 0.02
16 1 0.108
17 1 0.039
18 1 0.164
19 1 0.04
20 1 0.18
21 1 0.279
22 1 0.107
23 1 0.001
24 1 0.006
25 1 0.008
26 1 0.003
27 1 0.004
28 1 0.053
29 1 0.044
30 1 0.028
31 1 0.058
32 1 0.092
33 1 0.096
34 1 0.05
35 1 0.029
36 1 0.021
37 1 0.097
38 1 0.145
39 1 0.337
40 1 0.015
41 1 0.227
42 1 0.024
43 1 0.285
44 1 0.029
45 1 0.077
46 1 0.004
47 1 0.019
48 1 0.126
49 1 0.016
50 1 0.074
51 1 0.188
52 1 0.017
53 1 0.059
54 1 0.049
55 1 0.013
56 1 0.093
57 1 0
58 1 0.001
59 1 0.039
60 1 0.012
61 1 0.034
62 1 0.033
63 1 0.074
64 1 0.342
65 1 0.005
66 1 0.104
67 1 0.1
68 1 0.025
69 1 0.075
70 1 0.057
71 1 0.105
72 1 0.001
73 1 0.16
74 1 0.058
75 1 0.04
76 1 0.185
77 1 0.075
78 1 0.239
79 1 0.001
80 1 0
81 1 0.11
82 1 0.019
83 1 0.002
84 1 0.03
85 1 0.018
86 1 0.016
87 1 0.088
88 1 0.006
89 1 0.013
90 1 0.046
91 1 0.017
92 1 0.06
93 1 0.027
94 1 0
95 1 0.078
96 1 0.006
97 1 0.069
98 1 0.038
99 1 0
100 1 0.137
