0 -1
1 3
2 -0.00725889
3 0
4 -0.00948276
5 -0.0397848
6 -0.0206163
7 -0.00948323
8 -0.128916
9 0
10 0
11 -0.018818
12 -0.0127379
13 0
14 -0.0284707
15 -0.00725889
16 -0.0206163
17 -0.0222695
18 -0.00688052
19 -0.00688052
20 -0.00998002
21 0
22 -0.0206163
23 0
24 0
25 -0.000394966
26 0
27 0
28 -0.00998002
29 -0.0246746
30 -0.0231605
31 0
32 -0.0222695
33 0
34 0
35 -0.120831
36 -0.00725889
37 -0.00998002
38 -0.00998002
39 0
40 0
41 0
42 0
43 -0.0464635
44 0
45 -0.00998002
46 0
47 -0.018818
48 0
49 0
50 -0.0464635
51 0
52 -0.00998002
53 0
54 0
55 0
56 -0.0284707
57 0
58 0
59 0
60 0
61 -0.00998002
62 0
63 0
64 -2.71441e-16
65 -0.00948323
66 -0.0206163
67 -0.00904265
68 0
69 0
70 0
71 -0.000394966
72 -2.71441e-16
73 -0.00998002
74 0
75 0
76 -0.0596679
77 -0.0206163
78 0
79 0
80 -0.0111422
81 -0.00998002
82 -0.0161444
83 0
84 0
85 -0.278993
86 -0.0375134
87 -2.71441e-16
88 -0.00948276
89 0
90 -0.0353449
91 0
92 0
93 -0.00998002
94 -0.018818
95 0
96 -2.71441e-16
97 0
98 0
99 -0.00998002
100 0
101 -0.0100258
102 0
103 -0.0135121
104 0
105 0
106 -0.0222695
107 -0.0302991
108 0
109 -0.000394966
110 -0.00948276
111 -0.0594166
112 -0.00688052
113 -0.00948323
114 -0.00448063
115 -0.00448063
116 -0.0127379
117 -0.0325259
118 0
119 -0.0100258
120 -0.00998002
121 0
122 0
123 0
124 -0.0155756
125 0
126 -0.00725889
127 -0.0206163
128 -0.0155756
129 0
130 0
131 -0.0155756
132 -0.0231605
133 -2.71441e-16
134 0
135 -2.71441e-16
136 0
137 -0.00948323
138 -0.00998002
139 0
140 0
141 -0.00725889
142 -0.112616
143 -0.0135121
144 0
145 0
146 -0.00998002
147 -0.00448063
148 0
149 -0.00725889
150 -0.0325259
151 0
152 0
153 -0.0302991
154 -0.0611128
155 0
156 0
157 0
158 0
159 -0.00948323
160 0
161 -0.00448063
162 -0.0333398
163 -0.028021
164 -2.71441e-16
165 -0.0596679
166 -2.71441e-16
167 0
168 0
169 -0.00725889
170 -2.71441e-16
171 -0.00998002
172 0
173 0
174 0
175 0
176 0
177 0
178 0
179 -0.0100258
180 -0.0161444
181 -0.00688052
182 0
183 -0.00725889
184 -0.0596679
185 0
186 -0.0333398
187 0
188 0
189 0
190 -0.00998002
191 0
192 -0.00998002
193 -0.00904265
194 0
195 -0.00998002
196 -0.0349016
197 0
198 0
199 -0.0100258
200 -0.544985
201 -0.00948276
202 -0.00998002
203 -2.71441e-16
204 -2.71441e-16
205 0
206 -2.71441e-16
207 -2.71441e-16
208 0
209 0
210 0
211 -0.00948276
212 0
213 -0.0222695
214 0
215 0
216 -0.00998002
217 -2.71441e-16
218 -2.71441e-16
219 -0.00448063
220 -0.013761
221 0
222 -0.0155756
223 -2.71441e-16
224 0
225 -0.00998002
226 -0.00998002
227 -0.00998002
228 0
229 0
230 -0.0352151
231 0
232 0
233 -0.000394966
234 -0.0127379
235 -0.00948323
236 -0.00998002
237 -0.00948323
238 -0.0405987
239 -0.0333398
240 0
241 0
242 0
243 -0.00948323
244 -0.0161444
245 -0.00998002
246 0
247 -0.0135121
248 -0.0280211
249 -0.0325259
250 0
251 -0.0280211
252 -0.00948276
253 -0.0333398
254 -0.0355067
255 -2.71441e-16
256 -0.0246746
257 -0.0206163
258 0
259 -0.00557369
260 0
261 0
262 -2.71441e-16
263 0
264 -0.00725889
265 -0.0635278
266 -0.0127379
267 -0.00725889
268 0
269 -0.0325259
270 0
271 -0.0127379
272 -2.71441e-16
273 -0.0353449
274 0
275 -0.0161444
276 0
277 0
278 0
279 -0.00998002
280 -0.0280211
281 0
282 -0.0100258
283 0
284 -0.0206163
285 0
286 0
287 -0.0375134
288 0
289 -0.00948276
290 0
291 0
292 -0.00725889
293 -0.00948276
294 0
295 0
296 -0.00948276
297 -0.00998002
298 -0.0100258
299 0
300 0
301 0
302 0
303 -0.00725889
304 -2.71441e-16
305 0
306 -0.0127379
307 -2.71441e-16
308 -0.01996
309 -0.027773
310 -0.028021
311 -0.0302991
312 -0.00998002
313 0
314 -0.100939
315 -0.0365074
316 -0.0353449
317 -0.0611128
318 0
319 0
320 -0.0325259
321 -0.0329513
322 0
323 0
324 0
325 -0.115945
326 0
327 -0.00998002
328 -0.0635278
329 -2.71441e-16
330 -0.00948323
331 0
332 0
333 -0.0464635
334 0
335 -0.00556675
336 0
337 -0.00948276
338 -2.71441e-16
339 -0.0145988
340 -0.00948276
341 0
342 0
343 0
344 -0.0152646
345 -0.00725889
346 0
347 -2.71441e-16
348 0
349 -0.00948323
350 0
351 0
352 -0.00998002
353 -0.0100258
354 0
355 0
356 0
357 -2.71441e-16
358 -0.018818
359 0
360 0
361 -0.000394966
362 -0.0152646
363 -0.00948323
364 -0.0152646
365 -2.71441e-16
366 -0.0100258
367 0
368 0
369 0
370 -0.0145988
371 -0.00998002
372 0
373 0
374 -0.0353449
375 -0.00998002
376 -0.0100019
377 -0.0120183
378 -2.71441e-16
379 -0.0127379
380 -2.71441e-16
381 -2.71441e-16
382 0
383 -2.71441e-16
384 -0.028021
385 -0.0231605
386 -2.71441e-16
387 -0.0635278
388 -0.0161444
389 0
390 -0.00998002
391 -0.00948323
392 0
393 0
394 -0.0264065
395 -0.00948276
396 -0.00725889
397 -0.00998002
398 0
399 -0.0302991
400 -0.00948276
401 0
402 0
403 -0.018818
404 0
405 0
406 0
407 0
408 -0.0100258
409 -0.00998002
410 0
411 0
412 0
413 0
414 -0.0620697
415 -0.028021
416 0
417 0
418 0
419 -0.00998002
420 0
421 -2.71441e-16
422 -2.71441e-16
423 -0.0127379
424 0
425 -0.00725889
426 -2.71441e-16
427 -0.0655935
428 0
429 0
430 -0.239541
431 -0.0280211
432 -0.0325259
433 0
434 -0.0222695
435 0
436 0
437 0
438 0
439 0
440 0
441 -0.0280211
442 -0.00688052
443 0
444 0
445 0
446 -0.028021
447 0
448 0
449 -0.0100258
450 0
451 0
452 0
453 -0.00948276
454 0
455 0
456 0
457 0
458 0
459 0
460 -0.000394966
461 0
462 -0.00998002
463 0
464 -0.00998002
465 -0.0127379
466 0
467 0
468 -0.0355067
469 -0.0111422
470 0
471 0
472 0
473 -0.0127379
474 0
475 0
476 -0.00556675
477 -0.0100019
478 -0.0559611
479 -0.00948323
480 -0.0375134
481 0
482 -0.258381
483 -0.00998002
484 -0.0145988
485 -0.0849581
486 0
487 -0.121077
488 0
489 0
490 -0.0145988
491 0
492 -0.00998002
493 0
494 0
495 0
496 -0.0325259
497 0
498 0
499 0
500 -0.0152646
501 -0.0127379
502 0
503 -2.71441e-16
504 -0.0206163
505 -0.000394966
506 0
507 0
508 -0.0613608
509 0
510 -0.0206163
511 -2.71441e-16
512 0
513 -2.71441e-16
514 0
515 -0.0360305
516 0
517 0
518 0
519 -0.105138
520 -0.00998002
521 0
522 -0.0194628
523 -0.00948276
524 0
525 -0.00948276
526 0
527 0
528 0
529 -0.0264065
530 0
531 -0.0264065
532 -0.0246746
533 -0.00948276
534 -0.00725889
535 0
536 -0.0111422
537 -0.00904265
538 -0.0152646
539 -0.0145988
540 0
541 0
542 -0.027773
543 -2.71441e-16
544 -2.71441e-16
545 0
546 -0.046516
547 -0.0111422
548 -0.027773
549 0
550 -0.027773
551 0
552 -0.0520897
553 -2.71441e-16
554 0
555 -0.00998002
556 0
557 -0.00998002
558 -2.71441e-16
559 0
560 -0.018818
561 -0.00948276
562 -0.0333398
563 -0.00557369
564 -0.212119
565 0
566 -0.00948276
567 0
568 0
569 -0.00998002
570 -0.0145988
571 -0.00725889
572 -0.0620697
573 0
574 0
575 -0.0100258
576 0
577 0
578 0
579 0
580 -0.00998002
581 -0.00998002
582 -0.00556675
583 0
584 0
585 -0.0280211
586 -0.0295283
587 0
588 -0.0464635
589 -0.0520897
590 0
591 -0.0127379
592 0
593 0
594 -0.0222695
595 0
596 -0.0161444
597 -0.00948276
598 -0.00948276
599 -0.0135121
600 0
601 -0.0333398
602 -0.00557369
603 -0.0325259
604 0
605 0
606 0
607 0
608 -0.028021
609 -2.71441e-16
610 0
611 -0.00998002
612 0
613 0
614 -0.0280211
615 -0.000394966
616 0
617 -0.0367607
618 -0.00998002
619 -0.0152646
620 -0.028021
621 0
622 0
623 -0.0264989
624 -0.00556675
625 0
626 -0.00688052
627 0
628 -0.0111422
629 0
630 0
631 -0.00948276
632 -0.000394966
633 -0.00948323
634 -2.71441e-16
635 -0.0100258
636 0
637 -0.0325259
638 -0.0520897
639 -0.0231605
640 -0.0194628
641 -0.0353449
642 -0.000394966
643 0
644 0
645 -0.00557369
646 -0.0152646
647 0
648 -0.0206163
649 -0.0325259
650 0
651 -0.00948323
652 -0.00948276
653 -0.0231605
654 -0.0127379
655 -0.0231605
656 -0.018818
657 -0.00725889
658 0
659 -0.00998002
660 0
661 -0.0353449
662 -0.0231605
663 -0.00948323
664 0
665 -0.00725889
666 0
667 0
668 0
669 -0.0365074
670 -2.71441e-16
671 -0.00998002
672 -0.00448063
673 -0.028021
674 0
675 0
676 -0.00725889
677 -0.00998002
678 -0.0127379
679 0
680 0
681 0
682 0
683 0
684 0
685 -0.0635278
686 0
687 0
688 0
689 -0.0161444
690 0
691 -2.71441e-16
692 -0.0302991
693 0
694 -0.028021
695 0
696 -0.0284707
697 0
698 0
699 -0.00948276
700 -0.00998002
701 -0.00998002
702 0
703 0
704 0
705 0
706 0
707 -0.00688052
708 -0.0464635
709 0
710 0
711 -0.046516
712 -0.0120183
713 0
714 0
715 -0.0375134
716 -2.71441e-16
717 0
718 -0.0120183
719 -0.0120183
720 -0.0635278
721 -0.00948276
722 -0.0206163
723 -0.046516
724 0
725 -0.0355067
726 -0.0152646
727 -0.0127379
728 -0.00688052
729 -0.0280211
730 -2.71441e-16
731 0
732 0
733 -0.0145988
734 -0.000394966
735 -0.00998002
736 -0.0161444
737 0
738 0
739 -0.00948276
740 -2.71441e-16
741 -0.0333398
742 -0.00725889
743 0
744 0
745 -0.00948323
746 -0.0231605
747 0
748 -2.71441e-16
749 0
750 0
751 -0.0302991
752 0
753 0
754 0
755 0
756 0
757 0
758 -0.0152646
759 0
760 0
761 -0.0152646
762 0
763 -0.0399201
764 -0.0596679
765 0
766 0
767 0
768 0
769 -0.00948323
770 -0.00998002
771 -0.0264065
772 -0.00998002
773 -0.0642623
774 -0.00998002
775 -0.0352151
776 -2.71441e-16
777 -0.00725889
778 -0.00948276
779 -2.71441e-16
780 0
781 -2.71441e-16
782 -0.115945
783 -0.00688052
784 0
785 0
786 -0.0353449
787 -0.020746
788 -0.00688052
789 0
790 0
791 -0.0100258
792 -0.020746
793 0
794 0
795 -0.0100019
796 -0.018818
797 0
798 -0.00998002
799 -0.046516
800 -0.028021
801 -2.71441e-16
802 -0.0152646
803 -0.00998002
804 -0.0161444
805 0
806 -0.0222695
807 0
808 -0.00688052
809 -0.046516
810 0
811 0
812 0
813 0
814 0
815 0
816 0
817 0
818 0
819 -0.00998002
820 -0.0161444
821 -0.00998002
822 -2.71441e-16
823 0
824 -0.00998002
825 -2.71441e-16
826 0
827 0
828 -0.00688052
829 -0.027773
830 -0.00948323
831 -0.0325259
832 0
833 0
834 -2.71441e-16
835 -0.00998002
836 -0.0231605
837 0
838 -0.0206163
839 -0.0161444
840 -0.027773
841 0
842 -0.0247474
843 0
844 -0.0127379
845 0
846 -0.00904265
847 0
848 0
849 -0.00948276
850 0
851 -0.0280211
852 -0.00948323
853 -0.00998002
854 -0.00557369
855 -0.018818
856 -0.00948276
857 0
858 -0.0306421
859 -2.71441e-16
860 -0.0100019
861 -0.0145988
862 0
863 0
864 0
865 -0.353352
866 0
867 -0.0280211
868 -0.0464635
869 -0.00948276
870 -0.00998002
871 0
872 -0.027773
873 -0.00998002
874 -0.027773
875 -0.018818
876 -0.0100258
877 0
878 0
879 0
880 0
881 -0.0333398
882 0
883 -0.0254758
884 -2.71441e-16
885 -0.0145988
886 -0.0325259
887 0
888 -0.0145988
889 -0.0246746
890 -0.00998002
891 0
892 -0.00948276
893 -0.0100258
894 -2.71441e-16
895 0
896 0
897 0
898 0
899 -0.00998002
900 -0.020746
901 -0.00688052
902 0
903 -0.0284707
904 -0.028021
905 0
906 -0.0280211
907 -0.0222695
908 -0.00998002
909 0
910 0
911 0
912 -0.0206163
913 0
914 -0.0152646
915 -0.0325259
916 0
917 -0.00948276
918 -0.00725889
919 0
920 0
921 0
922 -0.00948323
923 -0.013761
924 0
925 -0.00998002
926 -0.0152646
927 0
928 -0.0280211
929 -2.71441e-16
930 -0.0135121
931 0
932 0
933 0
934 -0.0222695
935 -0.00948323
936 -0.0280211
937 0
938 -0.0127379
939 0
940 -0.0127379
941 -2.71441e-16
942 0
943 -0.00998002
944 -0.00998002
945 0
946 -0.000394966
947 0
948 0
949 -0.00948323
950 -0.00998002
951 0
952 0
953 0
954 -0.018818
955 0
956 0
957 0
958 -0.0264065
959 0
960 -0.0222695
961 -0.0127379
962 -0.00948276
963 0
964 -0.00998002
965 -0.0100019
966 0
967 0
968 -0.00725889
969 -0.0127379
970 -0.00998002
971 -0.00998002
972 -0.00688052
973 -0.028021
974 -0.00998002
975 0
976 0
977 -0.0325259
978 0
979 -0.00998002
980 0
981 -0.00998002
982 0
983 0
984 -2.71441e-16
985 0
986 0
987 0
988 -0.0111422
989 -0.0520897
990 0
991 -0.0333398
992 0
993 0
994 -0.0231605
995 0
996 0
997 -0.000394966
998 -0.00998002
999 -0.0100019
1000 0
1001 -0.00448063
1002 -0.0120183
1003 -0.00725889
1004 0
1005 -0.00948276
1006 -0.00998002
1007 -0.0520897
1008 -0.00948276
1009 0
1010 -0.0454867
1011 0
1012 -0.00557369
1013 -0.0206163
1014 -0.0302991
1015 -0.0100258
1016 -0.00998002
1017 -2.71441e-16
1018 0
1019 0
1020 0
1021 0
1022 0
1023 0
1024 -0.0464635
1025 -2.71441e-16
1026 -0.00948323
1027 -0.000394966
1028 0
1029 -0.0231605
1030 -0.00948276
1031 0
1032 0
1033 -0.0264065
1034 -0.0111422
1035 -0.0135121
1036 -0.000394966
1037 0
1038 -0.0333398
1039 0
1040 -0.00998002
1041 -0.0280211
1042 0
1043 -0.00725889
1044 0
1045 -0.0100019
1046 -0.00998002
1047 -0.0353449
1048 -0.00948323
1049 -0.00998002
1050 -0.0520897
1051 -0.0353449
1052 -0.0222695
1053 -0.00556675
1054 0
1055 -2.71441e-16
1056 0
1057 -0.00725889
1058 -0.00998002
1059 0
1060 -0.020746
1061 0
1062 0
1063 -0.00998002
1064 0
1065 -0.00998002
1066 -2.71441e-16
1067 -0.018818
1068 -0.00688052
1069 0
1070 -0.00725889
1071 0
1072 -0.018818
1073 -0.0355067
1074 0
1075 0
1076 -0.0246746
1077 0
1078 0
1079 0
1080 -2.71441e-16
1081 -0.00998002
1082 0
1083 -0.00998002
1084 -0.00998002
1085 0
1086 -2.71441e-16
1087 -0.0120183
1088 -0.00998002
1089 -0.0284707
1090 0
1091 -0.0111422
1092 0
1093 0
1094 -0.0954095
1095 -2.71441e-16
1096 -0.0161444
1097 0
1098 -0.0246746
1099 0
1100 0
1101 -0.0352151
1102 0
1103 -0.0280211
1104 0
1105 -0.0325259
1106 0
1107 -0.0231605
1108 -0.0616533
1109 -0.00948276
1110 -0.00948323
1111 0
1112 0
1113 -0.0325259
1114 0
1115 -0.210051
1116 -0.0246746
1117 0
1118 -0.0206163
1119 0
1120 -0.0120183
1121 0
1122 0
1123 -2.71441e-16
1124 0
1125 -0.00998002
1126 -0.0206163
1127 -0.00998002
1128 0
1129 -0.00904265
1130 0
1131 -0.0464635
1132 -0.028021
1133 -0.0111422
1134 -0.00948276
1135 -0.0280211
1136 0
1137 0
1138 -0.020746
1139 -0.027773
1140 -0.0222695
1141 0
1142 0
1143 -2.71441e-16
1144 0
1145 -0.00688052
1146 0
1147 0
1148 -0.0520897
1149 0
1150 -0.00998002
1151 -0.0325259
1152 0
1153 -0.00948323
1154 0
1155 0
1156 0
1157 -0.0161444
1158 -0.0280211
1159 -0.0325259
1160 0
1161 -0.000394966
1162 -0.0222695
1163 -0.0706255
1164 -0.027773
1165 -0.00998002
1166 -0.00948276
1167 -0.00948276
1168 -0.0161444
1169 -0.0222695
1170 -0.0325259
1171 0
1172 -0.0375134
1173 -0.00688052
1174 -0.0620697
1175 -0.0206163
1176 -0.0100258
1177 -0.0353449
1178 -0.0100258
1179 -0.0264065
1180 0
1181 -0.00998002
1182 0
1183 -0.00948323
1184 -0.0127379
1185 -0.0145988
1186 -0.0152646
1187 0
1188 0
1189 -0.00688052
1190 -0.0325259
1191 0
1192 -2.71441e-16
1193 0
1194 0
1195 0
1196 -0.0610201
1197 -0.0717785
1198 -0.0375134
1199 0
1200 0
1201 0
1202 -0.0635278
1203 -5.42882e-16
1204 0
1205 0
1206 -0.0246746
1207 -0.00725889
1208 -0.028021
1209 -0.028021
1210 -0.0206163
1211 -0.0375134
1212 -0.00998002
1213 0
1214 -0.00948276
1215 0
1216 -0.00998002
1217 0
1218 -0.0635278
1219 -0.0264065
1220 -0.00948323
1221 -0.00556675
1222 -0.0325259
1223 -0.00948276
1224 0
1225 0
1226 0
1227 -0.00998002
1228 -0.0135121
1229 -2.71441e-16
1230 0
1231 0
1232 -0.00998002
1233 0
1234 -0.00948323
1235 -0.00998002
1236 -0.028021
1237 -0.0246746
1238 -0.0152646
1239 0
1240 0
1241 0
1242 -0.028021
1243 0
1244 0
1245 -0.028021
1246 -0.00725889
1247 -0.00998002
1248 0
1249 -2.71441e-16
1250 0
1251 0
1252 -0.0464635
1253 0
1254 0
1255 -0.00904265
1256 0
1257 -0.0302991
1258 0
1259 0
1260 0
1261 -0.0206163
1262 0
1263 -2.71441e-16
1264 0
1265 0
1266 -0.00998002
1267 0
1268 -2.71441e-16
1269 -0.0100258
1270 -0.00998002
1271 -0.00998002
1272 0
1273 0
1274 0
1275 0
1276 -0.018818
1277 -0.00725889
1278 0
1279 -0.0264065
1280 -2.71441e-16
1281 -0.0635278
1282 0
1283 -0.00948323
1284 -0.0161444
1285 0
1286 -0.00948323
1287 0
1288 -0.0635278
1289 0
1290 -0.0264065
1291 0
1292 0
1293 -0.0375134
1294 0
1295 -0.00998002
1296 -0.0365074
1297 -0.00948323
1298 -0.0283135
1299 -0.046321
1300 0
1301 -0.0333398
1302 -2.71441e-16
1303 0
1304 0
1305 -0.018818
1306 -0.0152646
1307 -0.0206163
1308 -2.71441e-16
1309 -0.00998002
1310 -0.0571328
1311 0
1312 0
1313 -0.00725889
1314 -0.0161444
1315 -0.0100019
1316 -0.000394966
1317 -0.0635278
1318 -2.71441e-16
1319 0
1320 0
1321 -0.0353449
1322 -0.00998002
1323 -0.0111422
1324 0
1325 0
1326 -0.0305963
1327 -0.00998002
1328 -0.00948323
1329 -0.00725889
1330 -0.0247474
1331 -0.0246746
1332 0
1333 -0.0353449
1334 0
1335 -0.0206163
1336 -0.0520897
1337 0
1338 -0.0246746
1339 0
1340 -0.00725889
1341 -0.00725889
1342 0
1343 0
1344 -0.0231605
1345 -0.0375134
1346 0
1347 -2.71441e-16
1348 0
1349 -0.00948323
1350 -0.018818
1351 -0.0620697
1352 -2.71441e-16
1353 -0.00948323
1354 -0.00725889
1355 -0.00998002
1356 -0.0100019
1357 -0.027773
1358 -2.71441e-16
1359 -2.71441e-16
1360 0
1361 -0.00948323
1362 -0.00998002
1363 0
1364 -0.0280211
1365 -0.00948276
1366 -0.00725889
1367 -0.0375134
1368 0
1369 -2.71441e-16
1370 -2.71441e-16
1371 -0.00557369
1372 -0.0365074
1373 -0.000394966
1374 0
1375 -0.0222695
1376 0
1377 -0.00998002
1378 -0.0329513
1379 -0.0353449
1380 0
1381 -0.00725889
1382 -0.018818
1383 -0.0302991
1384 0
1385 -0.0325259
1386 -0.00557369
1387 -0.0161444
1388 0
1389 0
1390 -0.00688052
1391 -0.028021
1392 -2.71441e-16
1393 0
1394 0
1395 0
1396 -0.00725889
1397 0
1398 -0.027773
1399 0
1400 -0.0222695
1401 0
1402 0
1403 -0.0635278
1404 0
1405 0
1406 0
1407 -0.00948276
1408 0
1409 0
1410 0
1411 0
1412 0
1413 -2.71441e-16
1414 -0.020746
1415 -2.71441e-16
1416 -0.028021
1417 -0.00948276
1418 -0.0100019
1419 -2.71441e-16
1420 0
1421 -0.0325259
1422 -0.0127379
1423 -0.00998002
1424 0
1425 -0.0222695
1426 0
1427 -0.0100258
1428 -0.0464635
1429 -0.0152646
1430 -0.046516
1431 -0.0206163
1432 0
1433 0
1434 -0.00725889
1435 0
1436 0
1437 -0.0405763
1438 0
1439 -0.00998002
1440 -0.0355067
1441 0
1442 -0.018818
1443 -0.00948276
1444 0
1445 0
1446 -0.0155756
1447 0
1448 -0.0100258
1449 -0.00998002
1450 -2.71441e-16
1451 -0.0353449
1452 0
1453 0
1454 0
1455 0
1456 -0.0246746
1457 -0.00998002
1458 0
1459 -0.0135121
1460 0
1461 -0.00448063
1462 0
1463 0
1464 -0.0302991
1465 -0.170201
1466 -0.00998002
1467 0
1468 -2.71441e-16
1469 -0.0100258
1470 -0.0206163
1471 -0.020746
1472 -0.00998002
1473 -0.0325259
1474 0
1475 0
1476 -0.0111422
1477 0
1478 0
1479 -0.0333398
1480 0
1481 0
1482 -0.00948276
1483 -0.0155756
1484 -2.71441e-16
1485 -0.0739385
1486 0
1487 0
1488 -2.71441e-16
1489 -2.71441e-16
1490 0
1491 0
1492 -0.0299401
1493 0
1494 -0.0353449
1495 -0.00725889
1496 -0.0325259
1497 0
1498 0
1499 0
1500 -0.0302991
1501 -2.71441e-16
1502 0
1503 0
1504 -0.000394966
1505 -0.00948276
1506 -0.00948323
1507 0
1508 -0.278993
1509 -0.00948323
1510 -0.0284707
1511 0
1512 0
1513 -0.00998002
1514 -0.0135121
1515 0
1516 -0.0264065
1517 0
1518 -0.00948276
1519 0
1520 -0.000394966
1521 0
1522 0
1523 0
1524 0
1525 0
1526 -0.028021
1527 0
1528 -0.00998002
1529 -0.0231605
1530 -0.00725889
1531 -0.0152646
1532 -0.00998002
1533 -2.71441e-16
1534 0
1535 -0.00448063
1536 -0.018818
1537 -0.018818
1538 0
1539 0
1540 -0.046516
1541 -0.00998002
1542 0
1543 0
1544 0
1545 -0.00998002
1546 -0.046516
1547 -0.0280211
1548 -0.00998002
1549 0
1550 -0.0392735
1551 -0.00948323
1552 0
1553 -0.00998002
1554 0
1555 0
1556 0
1557 -0.000394966
1558 -0.0325259
1559 -0.0635278
1560 0
1561 0
1562 -2.71441e-16
1563 -0.0246746
1564 0
1565 -2.71441e-16
1566 -0.0100019
1567 0
1568 0
1569 0
1570 -0.00725889
1571 0
1572 -0.0206163
1573 0
1574 0
1575 0
1576 0
1577 -0.0152646
1578 -0.0264065
1579 -0.0161444
1580 0
1581 -0.00998002
1582 0
1583 -0.0206163
1584 -0.00948323
1585 -0.0252446
1586 -0.00448063
1587 0
1588 0
1589 -0.0264065
1590 0
1591 0
1592 -0.0280211
1593 0
1594 -0.0609813
1595 -0.0206163
1596 -0.00725889
1597 -0.0355067
1598 -0.0302991
1599 0
1600 -0.00904265
1601 0
1602 -0.00725889
1603 -0.018818
1604 0
1605 0
1606 -0.028021
1607 -0.00948276
1608 -0.027773
1609 0
1610 -0.0280211
1611 -0.018818
1612 -0.0206163
1613 0
1614 -2.71441e-16
1615 -0.027773
1616 0
1617 0
1618 -0.00998002
1619 -0.0375134
1620 0
1621 0
1622 -0.0206163
1623 -0.018818
1624 -0.00688052
1625 -0.018818
1626 0
1627 -0.0405109
1628 -0.00948276
1629 -0.00998002
1630 0
1631 -2.71441e-16
1632 0
1633 0
1634 -0.0464635
1635 0
1636 0
1637 -0.0329513
1638 -0.00725889
1639 -0.0264065
1640 0
1641 0
1642 0
1643 0
1644 -0.00998002
1645 0
1646 0
1647 0
1648 0
1649 -0.0326437
1650 -0.00948323
1651 0
1652 0
1653 -0.0485258
1654 -0.000394966
1655 0
1656 -0.0333398
1657 -0.0100019
1658 -0.020746
1659 -0.00725889
1660 -0.00998002
1661 -0.0100258
1662 0
1663 -0.00998002
1664 -0.0222695
1665 -0.00998002
1666 -0.00725889
1667 -0.0333398
1668 -2.71441e-16
1669 -0.0246746
1670 -0.166319
1671 -0.0287084
1672 0
1673 -0.018818
1674 -0.00998002
1675 -0.0127379
1676 -0.00998002
1677 0
1678 -2.71441e-16
1679 0
1680 -0.0448276
1681 0
1682 -0.0100258
1683 -0.028021
1684 -0.0464635
1685 -0.00557369
1686 -0.0152646
1687 -0.00998002
1688 0
1689 0
1690 -0.0152646
1691 -0.0264065
1692 0
1693 -0.00998002
1694 -0.00448063
1695 -0.0333398
1696 0
1697 -0.046516
1698 0
1699 -0.00725889
1700 -0.0635278
1701 0
1702 0
1703 -0.00688052
1704 0
1705 0
1706 -0.0231605
1707 -0.0264065
1708 -2.71441e-16
1709 -0.0231605
1710 -0.0152646
1711 0
1712 0
1713 -0.0302991
1714 -0.020746
1715 0
1716 -2.71441e-16
1717 0
1718 -0.020746
1719 -0.0748076
1720 -0.00725889
1721 -0.00998002
1722 0
1723 -0.0246746
1724 0
1725 -0.0127379
1726 0
1727 -0.0333398
1728 0
1729 0
1730 -0.0161444
1731 0
1732 -0.00998002
1733 0
1734 -0.0120183
1735 -0.0206163
1736 -0.00998002
1737 -0.0353449
1738 0
1739 -0.00725889
1740 -0.00948323
1741 0
1742 -0.00998002
1743 -0.0145988
1744 -0.00998002
1745 0
1746 -0.00448063
1747 -0.00998002
1748 0
1749 0
1750 -0.00998002
1751 -0.00948276
1752 -0.0127379
1753 -0.00998002
1754 -0.00948276
1755 0
1756 -0.0231605
1757 0
1758 -0.000394966
1759 -0.237708
1760 -0.0520897
1761 0
1762 0
1763 -0.00998002
1764 -0.281553
1765 -0.0280211
1766 0
1767 0
1768 -0.0246746
1769 0
1770 -0.00998002
1771 0
1772 0
1773 0
1774 -0.00998002
1775 0
1776 -0.00725889
1777 0
1778 0
1779 0
1780 -0.0127379
1781 0
1782 -0.0100019
1783 0
1784 0
1785 0
1786 -0.0222695
1787 -0.0127379
1788 -0.00998002
1789 0
1790 -0.0206163
1791 0
1792 -0.00998002
1793 -0.0231605
1794 -0.0111422
1795 0
1796 0
1797 -0.0222695
1798 -2.71441e-16
1799 -0.0161444
1800 -0.0161444
1801 -0.00725889
1802 -0.028021
1803 -2.71441e-16
1804 0
1805 -0.0280211
1806 0
1807 0
1808 -0.028021
1809 -0.0152646
1810 -0.0246746
1811 0
1812 -0.0520897
1813 0
1814 -2.71441e-16
1815 0
1816 0
1817 0
1818 -0.00948276
1819 0
1820 -0.018818
1821 -0.0206163
1822 -0.0231605
1823 -0.00688052
1824 -0.00557369
1825 0
1826 -0.0135121
1827 -2.71441e-16
1828 0
1829 0
1830 0
1831 -0.000394966
1832 -0.00998002
1833 0
1834 0
1835 -0.0264065
1836 -0.0333398
1837 0
1838 0
1839 -0.0280211
1840 -0.0485258
1841 0
1842 -0.0246746
1843 0
1844 0
1845 0
1846 -0.0161444
1847 0
1848 0
1849 -0.00688052
1850 0
1851 0
1852 -0.00948276
1853 0
1854 0
1855 -0.013761
1856 0
1857 -0.00948323
1858 -0.00688052
1859 -0.0206163
1860 -0.00557369
1861 0
1862 -0.0353449
1863 0
1864 0
1865 -0.00948323
1866 0
1867 -0.0100258
1868 0
1869 -0.0100258
1870 0
1871 0
1872 -0.0231605
1873 -0.0347005
1874 0
1875 -0.0264065
1876 -0.0145988
1877 0
1878 -0.0353449
1879 0
1880 0
1881 0
1882 -0.0325259
1883 0
1884 0
1885 0
1886 -0.0206163
1887 0
1888 -0.00998002
1889 0
1890 0
1891 0
1892 0
1893 0
1894 -0.00948276
1895 0
1896 0
1897 0
1898 -0.000394966
1899 -0.00998002
1900 -0.0161444
1901 0
1902 -0.0246746
1903 -0.0365074
1904 -2.71441e-16
1905 0
1906 0
1907 -0.00948323
1908 -0.00948323
1909 -0.0231605
1910 -0.000394966
1911 0
1912 0
1913 -0.00688052
1914 0
1915 -2.71441e-16
1916 -0.0100258
1917 0
1918 -0.0560421
1919 0
1920 -0.00998002
1921 -0.018818
1922 -0.0375134
1923 -0.00948276
1924 0
1925 0
1926 -0.00998002
1927 0
1928 0
1929 -0.018818
1930 -0.0100019
1931 -0.0231605
1932 0
1933 -0.00948323
1934 -0.00948276
1935 0
1936 -2.71441e-16
1937 0
1938 -0.0325259
1939 0
1940 -0.028021
1941 -0.0155756
1942 -0.0375134
1943 0
1944 -0.0135121
1945 0
1946 0
1947 -0.0280211
1948 0
1949 0
1950 -0.028021
1951 -0.0100258
1952 -0.00998002
1953 0
1954 0
1955 -0.0152646
1956 0
1957 0
1958 0
1959 -2.71441e-16
1960 -0.0161444
1961 0
1962 0
1963 -0.00948323
1964 -2.71441e-16
1965 -0.00998002
1966 0
1967 0
1968 0
1969 0
1970 0
1971 0
1972 0
1973 -0.0152646
1974 -0.018818
1975 0
1976 -0.0127379
1977 -0.027773
1978 -0.0365074
1979 0
1980 0
1981 0
1982 -0.0596679
1983 -0.0231605
1984 -0.0145988
1985 0
1986 -0.0280211
1987 -0.0375134
1988 -0.00948276
1989 -0.0231605
1990 0
1991 -0.0155756
1992 0
1993 0
1994 0
1995 -0.00998002
1996 -0.0231605
1997 -0.00948276
1998 -0.0464635
1999 -0.00998002
2000 0
2001 -0.0152646
2002 -0.00998002
2003 0
2004 0
2005 -0.00725889
2006 -0.125925
2007 0
2008 -0.0100258
2009 0
2010 0
2011 -0.0155756
2012 0
2013 0
2014 -0.0333398
2015 0
2016 -2.71441e-16
2017 0
2018 -0.027773
2019 -0.00998002
2020 -0.046516
2021 0
2022 -0.0127379
2023 -2.71441e-16
2024 -0.00688052
2025 -0.0375134
2026 -0.0325259
2027 -0.0145988
2028 0
2029 0
2030 -0.00998002
2031 0
2032 -0.00998002
2033 -0.0325259
2034 0
2035 -0.00998002
2036 -0.00998002
2037 -2.71441e-16
2038 0
2039 0
2040 0
2041 0
2042 0
2043 -0.028021
2044 -0.0206163
2045 0
2046 -0.0161444
2047 -0.00725889
2048 -0.0280211
2049 0
2050 -2.71441e-16
2051 -0.0135121
2052 -2.71441e-16
2053 0
2054 0
2055 -0.00948323
2056 0
2057 -0.0333398
2058 0
2059 -0.0329513
2060 -0.028021
2061 -0.0127379
2062 0
2063 0
2064 0
2065 0
2066 0
2067 -0.028021
2068 -0.0100258
2069 0
2070 -0.0100019
2071 -0.0635278
2072 0
2073 0
2074 -0.0284707
2075 0
2076 0
2077 -0.0111422
2078 -0.00948276
2079 -0.00948323
2080 -0.00688052
2081 -0.00998002
2082 0
2083 0
2084 0
2085 0
2086 0
2087 0
2088 0
2089 -0.0231605
2090 0
2091 0
2092 -0.0222695
2093 -0.0635278
2094 -0.0325259
2095 0
2096 0
2097 0
2098 0
2099 0
2100 0
2101 -2.71441e-16
2102 0
2103 -0.0375134
2104 0
2105 0
2106 -0.0333398
2107 -0.0206163
2108 0
2109 0
2110 -2.71441e-16
2111 0
2112 -0.00998002
2113 0
2114 -0.00948276
2115 -0.00688052
2116 -0.0100258
2117 0
2118 0
2119 0
2120 0
2121 0
2122 0
2123 0
2124 0
2125 0
2126 -0.00948276
2127 -0.00948276
2128 -0.00998002
2129 0
2130 0
2131 -2.71441e-16
2132 -0.102723
2133 -2.71441e-16
2134 -0.027773
2135 0
2136 -0.0206163
2137 -2.71441e-16
2138 0
2139 0
2140 -0.0206163
2141 -0.028021
2142 -0.00948323
2143 0
2144 -0.00725889
2145 0
2146 -0.000394966
2147 0
2148 -2.71441e-16
2149 0
2150 0
2151 -0.00998002
2152 -0.00998002
2153 -0.0299401
2154 -0.00725889
2155 0
2156 -0.0280211
2157 -0.0127379
2158 -0.00998002
2159 -0.00998002
2160 0
2161 0
2162 0
2163 0
2164 0
2165 0
2166 -0.0152646
2167 -0.00998002
2168 -0.00998002
2169 0
2170 0
2171 -0.00998002
2172 -0.150485
2173 -0.0264065
2174 0
2175 0
2176 0
2177 0
2178 -0.0284707
2179 0
2180 0
2181 0
2182 -0.00998002
2183 -0.00556675
2184 -0.00998002
2185 0
2186 0
2187 0
2188 -5.42882e-16
2189 0
2190 -0.00725889
2191 -0.0100019
2192 -0.018818
2193 -0.0780718
2194 -0.0100019
2195 -0.0155756
2196 0
2197 0
2198 -0.027773
2199 -0.0264065
2200 -0.0231605
2201 -0.0127379
2202 -0.00948323
2203 -0.0222695
2204 -0.028021
2205 0
2206 -0.00725889
2207 -0.0100258
2208 0
2209 -0.00948323
2210 -0.00998002
2211 0
2212 -0.00725889
2213 -0.0152646
2214 0
2215 -0.0127379
2216 -0.115945
2217 0
2218 -0.00998002
2219 -0.00948276
2220 0
2221 0
2222 -0.0329513
2223 -0.0325259
2224 0
2225 -0.0365074
2226 -0.0325259
2227 0
2228 -0.00557369
2229 -0.018818
2230 -0.00948276
2231 -2.71441e-16
2232 0
2233 -2.71441e-16
2234 -0.00998002
2235 -0.0100258
2236 -0.00998002
2237 -0.00948323
2238 0
2239 -0.00998002
2240 -0.0464635
2241 0
2242 -0.00948323
2243 -0.0280211
2244 0
2245 -0.0152646
2246 0
2247 0
2248 0
2249 -0.0231605
2250 -2.71441e-16
2251 0
2252 -0.0231605
2253 -0.0127379
2254 -0.000394966
2255 0
2256 0
2257 -2.71441e-16
2258 -0.00998002
2259 0
2260 -0.028021
2261 -0.00948276
2262 0
2263 0
2264 0
2265 -0.0206163
2266 -0.0127379
2267 -2.71441e-16
2268 -0.0206163
2269 -0.00948323
2270 -0.0635278
2271 -0.0152646
2272 -2.71441e-16
2273 -0.0520897
2274 0
2275 -0.0353449
2276 -0.0246746
2277 -0.0325259
2278 -0.0189665
2279 0
2280 0
2281 -0.027773
2282 -0.0280211
2283 0
2284 0
2285 -0.00725889
2286 -0.028021
2287 -0.018818
2288 0
2289 -0.00948276
2290 -0.00948276
2291 -0.0264065
2292 -2.71441e-16
2293 -0.00998002
2294 -2.71441e-16
2295 -0.0365074
2296 -0.000394966
2297 -0.018818
2298 -0.0145988
2299 -0.00725889
2300 -2.71441e-16
2301 0
2302 -0.00998002
2303 0
2304 0
2305 -0.00725889
2306 -0.0161444
2307 0
2308 -2.71441e-16
2309 -2.71441e-16
2310 0
2311 -0.0206163
2312 -2.71441e-16
2313 -0.00688052
2314 -0.0325259
2315 -0.0375134
2316 -0.00998002
2317 0
2318 0
2319 -0.00948276
2320 -2.71441e-16
2321 -0.00948323
2322 0
2323 0
2324 -0.0127379
2325 -0.0264065
2326 -0.0206163
2327 -0.000394966
2328 -0.028021
2329 -0.0100258
2330 -2.71441e-16
2331 0
2332 0
2333 -0.0149127
2334 -0.0222695
2335 -0.0464635
2336 0
2337 -0.018818
2338 0
2339 0
2340 -0.0222695
2341 -0.00725889
2342 0
2343 0
2344 -0.028021
2345 -0.027773
2346 -0.018818
2347 -0.00948276
2348 -2.71441e-16
2349 -2.71441e-16
2350 -0.00998002
2351 0
2352 -0.00998002
2353 0
2354 0
2355 0
2356 0
2357 -0.0127379
2358 -0.0264065
2359 0
2360 -0.00688052
2361 -0.000394966
2362 0
2363 0
2364 -0.0520897
2365 0
2366 0
2367 -2.71441e-16
2368 -0.00725889
2369 -0.0231605
2370 -0.0111422
2371 -0.0152646
2372 0
2373 -2.71441e-16
2374 0
2375 0
2376 -0.00948276
2377 -0.0206163
2378 -0.00948276
2379 0
2380 -0.00948323
2381 0
2382 0
2383 0
2384 -0.0127379
2385 0
2386 0
2387 -0.000394966
2388 -0.00557369
2389 -0.0117395
2390 0
2391 -0.0609419
2392 -2.71441e-16
2393 -0.0246746
2394 -0.018818
2395 -0.14654
2396 0
2397 0
2398 0
2399 -0.0333398
2400 0
2401 -0.00998002
2402 0
2403 0
2404 0
2405 -0.0161444
2406 0
2407 -0.0365074
2408 0
2409 0
2410 -0.00948276
2411 -0.0206163
2412 -0.00948323
2413 -0.0325259
2414 -0.00725889
2415 0
2416 0
2417 0
2418 0
2419 -0.00998002
2420 0
2421 0
2422 -0.027773
2423 -0.000394966
2424 -0.00725889
2425 -0.00998002
2426 -0.0635278
2427 -0.0353449
2428 0
2429 -0.00688052
2430 0
2431 -0.0127379
2432 0
2433 -0.00998002
2434 -0.0485258
2435 0
2436 0
2437 -2.71441e-16
2438 -2.71441e-16
2439 -0.00998002
2440 -0.013761
2441 0
2442 0
2443 0
2444 0
2445 -0.00948323
2446 -0.028021
2447 0
2448 0
2449 0
2450 0
2451 0
2452 -0.0353449
2453 -0.0100258
2454 0
2455 -0.00998002
2456 -0.00725889
2457 -0.00998002
2458 -0.00948323
2459 0
2460 -0.0464635
2461 0
2462 -0.00998002
2463 0
2464 0
2465 0
2466 -0.0280211
2467 -0.0635278
2468 -2.71441e-16
2469 -0.00688052
2470 0
2471 0
2472 0
2473 -0.0152646
2474 -0.018818
2475 0
2476 -2.71441e-16
2477 -0.0302991
2478 -0.00948276
2479 -2.71441e-16
2480 -2.71441e-16
2481 -0.0206163
2482 -0.0100019
2483 0
2484 0
2485 -2.71441e-16
2486 -0.0333398
2487 -0.018818
2488 -0.00948323
2489 -0.0206163
2490 -0.00948323
2491 -0.00998002
2492 0
2493 0
2494 0
2495 -0.0100258
2496 -0.00948323
2497 -0.0464635
2498 -0.0152646
2499 0
2500 0
2501 -0.046321
2502 -0.0152646
2503 0
2504 -0.00557369
2505 -0.00725889
2506 0
2507 -2.71441e-16
2508 0
2509 0
2510 0
2511 0
2512 0
2513 -0.00948276
2514 -0.00948276
2515 0
2516 0
2517 0
2518 -0.0246746
2519 -0.0206163
2520 0
2521 -2.71441e-16
2522 0
2523 -0.0520897
2524 -0.0100258
2525 -0.0127379
2526 -0.0100258
2527 -0.0596679
2528 -0.0231605
2529 -0.0206163
2530 0
2531 0
2532 0
2533 0
2534 -0.000394966
2535 0
2536 0
2537 -0.0352151
2538 -0.00998002
2539 0
2540 -0.0127379
2541 -0.00948276
2542 -0.0333398
2543 -0.0620697
2544 0
2545 -0.0127379
2546 -0.0100258
2547 -0.0127379
2548 -2.71441e-16
2549 0
2550 -0.00998002
2551 -0.0264065
2552 -0.027773
2553 -2.71441e-16
2554 -0.00998002
2555 -0.00998002
2556 -0.0325259
2557 -2.71441e-16
2558 0
2559 -0.0333398
2560 -0.046516
2561 0
2562 -0.0961002
2563 -0.0100258
2564 0
2565 -2.71441e-16
2566 -0.0145988
2567 -0.00557369
2568 0
2569 -0.00948323
2570 0
2571 0
2572 -0.00557369
2573 0
2574 0
2575 -2.71441e-16
2576 -0.00688052
2577 -0.0155756
2578 -0.00998002
2579 0
2580 -0.0100258
2581 -0.0353449
2582 -0.00948276
2583 0
2584 -0.0145988
2585 -0.0100258
2586 -2.71441e-16
2587 -0.00998002
2588 0
2589 -0.018818
2590 -0.0246746
2591 0
2592 0
2593 0
2594 -2.71441e-16
2595 -0.0333398
2596 -0.00998002
2597 -0.0152646
2598 -0.00688052
2599 -0.0100258
2600 -0.0127379
2601 0
2602 -0.00688052
2603 -0.0280211
2604 0
2605 -0.000394966
2606 -0.0352799
2607 -0.0333398
2608 -0.00948276
2609 -0.00948323
2610 -0.00948323
2611 0
2612 -0.0161444
2613 -0.0231605
2614 -0.00948276
2615 0
2616 0
2617 -0.00998002
2618 0
2619 0
2620 -0.00998002
2621 0
2622 0
2623 -0.00688052
2624 -0.0127379
2625 0
2626 0
2627 0
2628 -0.00948323
2629 0
2630 -0.00725889
2631 0
2632 -0.17623
2633 -0.0145988
2634 0
2635 -0.0333398
2636 -0.0280211
2637 -0.000394966
2638 0
2639 -0.0560577
2640 -0.0231605
2641 -0.020746
2642 -0.00948323
2643 0
2644 -2.71441e-16
2645 -0.00998002
2646 -0.0635278
2647 0
2648 0
2649 -0.39535
2650 0
2651 -0.0127379
2652 -0.00998002
2653 -0.0206163
2654 0
2655 0
2656 -0.0127379
2657 0
2658 0
2659 0
2660 -0.027773
2661 -0.0375134
2662 -0.0127379
2663 -0.0127379
2664 -0.018818
2665 0
2666 0
2667 -0.00998002
2668 0
2669 0
2670 -0.0264065
2671 0
2672 -0.00998002
2673 -0.0127379
2674 0
2675 -2.71441e-16
2676 0
2677 -0.00998002
2678 0
2679 0
2680 -0.0485258
2681 -0.00948276
2682 -0.0152646
2683 0
2684 0
2685 0
2686 0
2687 -0.027773
2688 -0.0100258
2689 -0.0206163
2690 -0.00948323
2691 0
2692 -0.0152646
2693 -0.0280211
2694 -0.00725889
2695 0
2696 0
2697 0
2698 -0.0280211
2699 -0.00725889
2700 0
2701 0
2702 -0.00998002
2703 -0.00998002
2704 0
2705 0
2706 0
2707 -2.71441e-16
2708 -0.00998002
2709 0
2710 -0.0127379
2711 0
2712 -0.0280211
2713 -0.00948276
2714 -0.027773
2715 -0.00557369
2716 0
2717 0
2718 -2.71441e-16
2719 -0.00948323
2720 -2.71441e-16
2721 0
2722 -0.00948276
2723 -2.71441e-16
2724 -0.0333398
2725 0
2726 0
2727 -2.71441e-16
2728 -0.0246746
2729 0
2730 0
2731 0
2732 -0.0264065
2733 -2.71441e-16
2734 0
2735 0
2736 -0.0135121
2737 -0.0206163
2738 -2.71441e-16
2739 -0.0452638
2740 -0.0280211
2741 0
2742 -0.0152646
2743 0
2744 0
2745 -0.00948323
2746 -0.0100258
2747 -0.00948276
2748 -0.00998002
2749 0
2750 -0.0353449
2751 0
2752 -0.0161444
2753 -0.0222695
2754 0
2755 0
2756 -0.00948276
2757 -0.0246746
2758 -2.71441e-16
2759 -0.343372
2760 -0.027773
2761 0
2762 0
2763 0
2764 0
2765 0
2766 0
2767 -0.00904265
2768 -0.0161444
2769 -0.0246746
2770 0
2771 0
2772 0
2773 -0.0100019
2774 0
2775 -0.00998002
2776 0
2777 0
2778 -0.0145988
2779 -0.0246746
2780 -0.027773
2781 -0.0231605
2782 -0.00725889
2783 -0.0353449
2784 -0.028021
2785 0
2786 -0.0464635
2787 -0.00998002
2788 -0.0464635
2789 -0.0100258
2790 -2.71441e-16
2791 -2.71441e-16
2792 0
2793 0
2794 -0.028021
2795 -0.00998002
2796 0
2797 -0.0302991
2798 0
2799 -2.71441e-16
2800 -0.00998002
2801 0
2802 -0.0145988
2803 0
2804 -0.0100258
2805 0
2806 0
2807 -0.00948276
2808 -0.00688052
2809 -0.00448063
2810 -0.00998002
2811 -0.018818
2812 -0.0464635
2813 0
2814 -2.71441e-16
2815 -0.00948276
2816 0
2817 -0.0596679
2818 -0.0302991
2819 -0.00948323
2820 0
2821 -0.00688052
2822 0
2823 -0.125925
2824 0
2825 -0.0620697
2826 -0.0520897
2827 -0.00998002
2828 0
2829 0
2830 -0.103249
2831 -0.0145988
2832 -0.0325259
2833 0
2834 0
2835 -0.00948276
2836 0
2837 0
2838 -2.71441e-16
2839 0
2840 0
2841 -0.00998002
2842 -0.0375134
2843 -2.71441e-16
2844 0
2845 -0.0161444
2846 -0.00725889
2847 -0.00725889
2848 -0.00998002
2849 -0.0246746
2850 -0.0325259
2851 -0.0246746
2852 -0.00725889
2853 0
2854 -0.00998002
2855 0
2856 -0.0155756
2857 -0.00688052
2858 0
2859 0
2860 -0.0264065
2861 -0.00998002
2862 0
2863 -0.00948276
2864 0
2865 0
2866 -0.00998002
2867 -0.00557369
2868 -2.71441e-16
2869 -2.71441e-16
2870 -0.0264065
2871 0
2872 0
2873 0
2874 0
2875 -0.0264065
2876 0
2877 0
2878 0
2879 -0.0127379
2880 -0.0280211
2881 -0.0231605
2882 0
2883 -0.0100258
2884 0
2885 -0.0247478
2886 -0.00688052
2887 -0.0280211
2888 -0.00948276
2889 0
2890 0
2891 0
2892 0
2893 0
2894 -0.00948276
2895 -0.0264065
2896 0
2897 0
2898 -0.00448063
2899 -0.0127379
2900 0
2901 -0.00998002
2902 -0.00998002
2903 -0.000394966
2904 -0.018818
2905 0
2906 -0.0100258
2907 0
2908 0
2909 0
2910 -0.020746
2911 -0.018818
2912 0
2913 -0.0100258
2914 0
2915 -0.0145988
2916 0
2917 -0.0520897
2918 -0.0284707
2919 -2.71441e-16
2920 -0.00998002
2921 0
2922 -0.0333398
2923 -0.00998002
2924 -0.0127379
2925 -0.00998002
2926 -2.71441e-16
2927 -0.0353449
2928 0
2929 0
2930 -0.0127379
2931 0
2932 -0.00948276
2933 -0.00948323
2934 -2.71441e-16
2935 0
2936 0
2937 0
2938 -0.00998002
2939 0
2940 0
2941 -0.0222695
2942 0
2943 -0.0353449
2944 -2.71441e-16
2945 -0.00998002
2946 -0.0333398
2947 -0.0135121
2948 -0.0206163
2949 -0.0264065
2950 0
2951 0
2952 -0.00688052
2953 -0.0302991
2954 0
2955 -0.00725889
2956 0
2957 0
2958 0
2959 -0.0280211
2960 -0.00904265
2961 -0.0161444
2962 -0.0355067
2963 -0.028021
2964 -0.0284707
2965 -0.00948323
2966 0
2967 0
2968 -0.0231605
2969 -0.0152646
2970 0
2971 0
2972 -0.00948323
2973 -0.00948323
2974 0
2975 0
2976 -5.42882e-16
2977 0
2978 -0.0152646
2979 0
2980 -0.00725889
2981 0
2982 -0.114478
2983 -0.028021
2984 -0.00725889
2985 0
2986 -0.0264065
2987 -0.0206163
2988 -0.056301
2989 -0.027773
2990 -0.0120183
2991 -0.00948276
2992 -0.0280211
2993 0
2994 0
2995 0
2996 -0.0352151
2997 -0.018818
2998 0
2999 0
3000 -0.00725889
3001 0
3002 -0.150368
3003 -0.0100019
3004 -2.71441e-16
3005 -0.0127379
3006 0
3007 0
3008 0
3009 -0.0222695
3010 0
3011 -0.00688052
3012 -2.71441e-16
3013 -0.046516
3014 0
3015 0
3016 -0.00998002
3017 0
3018 0
3019 0
3020 -0.0206163
3021 -0.00557369
3022 0
3023 -0.0155756
3024 0
3025 0
3026 -0.0222695
3027 0
3028 -0.0264065
3029 0
3030 0
3031 -0.26739
3032 0
3033 -0.0280211
3034 0
3035 0
3036 -0.0325259
3037 0
3038 0
3039 0
3040 0
3041 -0.0635278
3042 -0.0152646
3043 0
3044 -0.00725889
3045 0
3046 -0.00948323
3047 -0.00998002
3048 -0.0375134
3049 -0.0302991
3050 0
3051 0
3052 0
3053 0
3054 -0.0375134
3055 -2.71441e-16
3056 0
3057 0
3058 -0.027773
3059 -0.00948276
3060 0
3061 0
3062 -0.0284707
3063 -0.0100258
3064 -0.00998002
3065 0
3066 0
3067 -0.00688052
3068 0
3069 -0.0284707
3070 -0.00948276
3071 0
3072 0
3073 -0.0635278
3074 -0.0152646
3075 -0.0111422
3076 0
3077 -0.00998002
3078 -0.0100258
3079 -0.028021
3080 0
3081 -0.028021
3082 -0.0100258
3083 -0.0464635
3084 -0.00948276
3085 -0.00688052
3086 0
3087 0
3088 -0.0100258
3089 -0.0520897
3090 -0.0520897
3091 0
3092 -0.0280211
3093 -0.00725889
3094 -0.00998002
3095 -0.00948276
3096 -2.71441e-16
3097 -0.00998002
3098 -0.0352151
3099 -0.0375134
3100 0
3101 0
3102 0
3103 0
3104 0
3105 0
3106 -2.71441e-16
3107 -0.00998002
3108 0
3109 -0.0302991
3110 -0.170201
3111 0
3112 -0.00948276
3113 0
3114 0
3115 -0.0155756
3116 0
3117 -0.00948276
3118 0
3119 -0.00998002
3120 0
3121 -0.0635278
3122 -0.0302991
3123 -0.0135121
3124 0
3125 -2.71441e-16
3126 0
3127 -0.00688052
3128 -0.0100019
3129 -0.00998002
3130 -0.0100258
3131 0
3132 0
3133 -0.0485258
3134 -0.00948323
3135 -0.0333398
3136 -0.0333398
3137 0
3138 -0.0135121
3139 0
3140 -0.0161444
3141 -0.00948323
3142 -0.0353449
3143 0
3144 -2.71441e-16
3145 -0.0520897
3146 -0.00688052
3147 0
3148 0
3149 -0.00998002
3150 -0.0222695
3151 0
3152 0
3153 -0.00998002
3154 0
3155 -0.0284707
3156 0
3157 0
3158 0
3159 0
3160 -0.0375134
3161 0
3162 0
3163 -0.00948323
3164 0
3165 -0.028021
3166 -0.0302991
3167 0
3168 -0.00725889
3169 -0.013761
3170 0
3171 0
3172 0
3173 -0.020746
3174 -0.018818
3175 0
3176 -0.00948323
3177 -0.0246746
3178 -0.00725889
3179 0
3180 -0.0100258
3181 0
3182 0
3183 0
3184 0
3185 -2.71441e-16
3186 -0.0120183
3187 -0.028021
3188 0
3189 -0.0302991
3190 -0.028021
3191 0
3192 0
3193 -0.00998002
3194 -0.00948276
3195 -0.0365074
3196 -0.00948323
3197 -0.00948323
3198 -0.00998002
3199 0
3200 -0.00725889
3201 -0.00998002
3202 -0.028021
3203 0
3204 -0.028021
3205 -0.0355067
3206 0
3207 0
3208 0
3209 -0.0520897
3210 0
3211 -0.00948323
3212 0
3213 0
3214 -0.00948276
3215 0
3216 0
3217 0
3218 0
3219 0
3220 0
3221 -0.0161444
3222 -0.0127379
3223 -0.00998002
3224 -0.0325259
3225 -0.0284707
3226 0
3227 -0.0100019
3228 -0.00725889
3229 0
3230 -0.00725889
3231 0
3232 -0.0127379
3233 -0.125427
3234 -0.00998002
3235 -2.71441e-16
3236 -0.00948276
3237 -0.00556675
3238 0
3239 0
3240 -2.71441e-16
3241 -0.00725889
3242 0
3243 0
3244 -2.71441e-16
3245 0
3246 -0.0333398
3247 -0.0100019
3248 0
3249 0
3250 -0.0111422
3251 -0.0333398
3252 0
3253 0
3254 -0.0100258
3255 -0.0464635
3256 -2.71441e-16
3257 -0.0264065
3258 -0.0100258
3259 0
3260 -0.046516
3261 0
3262 -0.0331863
3263 -0.018818
3264 0
3265 0
3266 -0.0161444
3267 -0.0520897
3268 0
3269 -0.0353449
3270 -0.0264065
3271 -0.0222695
3272 0
3273 0
3274 0
3275 -0.0127379
3276 -0.0100019
3277 -0.028021
3278 -0.0333398
3279 -0.018818
3280 0
3281 -0.0231605
3282 -0.0464635
3283 -0.0152646
3284 0
3285 0
3286 -0.00948323
3287 0
3288 0
3289 0
3290 -0.0127379
3291 -0.0152646
3292 0
3293 0
3294 -0.00725889
3295 -0.0141394
3296 0
3297 -2.71441e-16
3298 -2.71441e-16
3299 -0.0100258
3300 -0.018818
3301 0
3302 0
3303 -2.71441e-16
3304 -0.020746
3305 0
3306 0
3307 -0.0560577
3308 -0.0127379
3309 -0.00998002
3310 -0.0333398
3311 -0.00998002
3312 -0.0222695
3313 0
3314 0
3315 -0.0302991
3316 -0.00725889
3317 0
3318 -0.00948323
3319 -2.71441e-16
3320 -2.71441e-16
3321 -0.00998002
3322 0
3323 -2.71441e-16
3324 0
3325 0
3326 -5.42882e-16
3327 -0.00948276
3328 -0.000394966
3329 0
3330 -0.00557369
3331 -0.0222695
3332 -0.0246746
3333 0
3334 0
3335 0
3336 -0.046516
3337 -2.71441e-16
3338 -0.0206163
3339 0
3340 -0.00948323
3341 0
3342 -0.00998002
3343 0
3344 -0.00948323
3345 -2.71441e-16
3346 -0.027773
3347 -0.0635278
3348 -0.018818
3349 -2.71441e-16
3350 0
3351 0
3352 0
3353 -0.00998002
3354 -0.0231605
3355 -0.0635278
3356 -0.0375134
3357 -0.0145988
3358 0
3359 -0.027773
3360 0
3361 -0.018818
3362 0
3363 0
3364 -0.018818
3365 0
3366 -0.129743
3367 -0.00998002
3368 0
3369 -0.061092
3370 -0.018818
3371 -0.0135121
3372 0
3373 -0.0222695
3374 -0.00998002
3375 0
3376 0
3377 -0.0246746
3378 -0.0231605
3379 0
3380 -0.00998002
3381 -0.0325259
3382 -0.069767
3383 -0.00998002
3384 0
3385 0
3386 -0.00998002
3387 0
3388 0
3389 -0.00948323
3390 -0.0120183
3391 0
3392 -0.0448281
3393 0
3394 0
3395 -0.00556675
3396 0
3397 -0.028021
3398 -0.00725889
3399 0
3400 0
3401 0
3402 0
3403 0
3404 -0.0100019
3405 0
3406 0
3407 0
3408 -2.71441e-16
3409 -0.00725889
3410 -0.0452638
3411 0
3412 0
3413 0
3414 -0.0161444
3415 0
3416 -0.0231605
3417 -0.0152646
3418 -0.00557369
3419 -0.00948276
3420 0
3421 0
3422 0
3423 0
3424 -0.0696938
3425 -0.00948323
3426 -0.0111422
3427 -0.00948276
3428 0
3429 0
3430 -0.0161444
3431 0
3432 0
3433 -0.00948323
3434 0
3435 0
3436 0
3437 0
3438 -0.00948323
3439 -0.0246746
3440 -0.00948276
3441 -0.0280211
3442 0
3443 0
3444 -0.0222695
3445 0
3446 -0.0206163
3447 0
3448 -0.00725889
3449 0
3450 -0.00725889
3451 0
3452 -0.0127379
3453 -0.018818
3454 0
3455 0
3456 0
3457 -0.00998002
3458 -0.0152646
3459 0
3460 -0.00948323
3461 0
3462 0
3463 0
3464 -0.0333398
3465 -0.00948276
3466 -2.71441e-16
3467 0
3468 -0.00688052
3469 -0.0560577
3470 -0.0280211
3471 0
3472 -0.00948276
3473 -0.0161444
3474 0
3475 -0.343372
3476 0
3477 -0.0353449
3478 0
3479 -0.0355067
3480 0
3481 -0.00998002
3482 -0.00725889
3483 -2.71441e-16
3484 0
3485 -0.0375134
3486 -0.0264065
3487 0
3488 0
3489 -0.0161444
3490 -2.71441e-16
3491 0
3492 0
3493 0
3494 0
3495 -0.00948276
3496 -0.0246746
3497 -0.00948276
3498 -0.0222695
3499 0
3500 -0.0635278
3501 0
3502 -0.0111422
3503 -0.0145988
3504 0
3505 -0.0127379
3506 -5.42882e-16
3507 -0.00556675
3508 0
3509 -2.71441e-16
3510 -0.0161444
3511 -0.00557369
3512 0
3513 -0.000394966
3514 0
3515 0
3516 0
3517 0
3518 0
3519 0
3520 -0.00998002
3521 0
3522 -0.00998002
3523 -0.00725889
3524 -0.000394966
3525 0
3526 -0.00948276
3527 0
3528 0
3529 0
3530 0
3531 0
3532 0
3533 -0.0280211
3534 -0.00688052
3535 0
3536 0
3537 -0.00948276
3538 0
3539 -0.0127379
3540 -0.00948276
3541 -0.0280211
3542 -0.00948276
3543 -0.046516
3544 -0.0375134
3545 0
3546 -0.0100258
3547 -0.00725889
3548 -0.04526
3549 0
3550 -0.0280211
3551 0
3552 0
3553 0
3554 -0.00948276
3555 0
3556 -0.0100258
3557 0
3558 0
3559 -0.0246746
3560 -0.00725889
3561 0
3562 0
3563 0
3564 -0.0120183
3565 -2.71441e-16
3566 -0.00948276
3567 -0.0161444
3568 0
3569 0
3570 -0.018818
3571 0
3572 0
3573 -0.0302991
3574 0
3575 0
3576 -0.0355067
3577 0
3578 -0.0206163
3579 -0.0325259
3580 0
3581 0
3582 0
3583 -0.0206163
3584 -0.0355067
3585 0
3586 0
3587 -0.0127379
3588 -0.0596679
3589 -0.00725889
3590 0
3591 0
3592 -0.0464635
3593 -0.00948276
3594 -0.0155756
3595 -0.010375
3596 0
3597 -0.028021
3598 -0.046516
3599 0
3600 -0.00725889
3601 0
3602 -0.00998002
3603 -0.0231605
3604 -0.0264065
3605 -0.0264065
3606 -0.00998002
3607 0
3608 -0.027773
3609 0
3610 -0.0264065
3611 0
3612 -0.00904265
3613 -0.00725889
3614 -0.00998002
3615 0
3616 -0.0302991
3617 0
3618 -2.71441e-16
3619 0
3620 0
3621 0
3622 0
3623 0
3624 -0.165632
3625 -0.00948276
3626 -0.00725889
3627 -2.71441e-16
3628 -0.0145988
3629 -0.0100019
3630 -0.0120183
3631 -2.71441e-16
3632 0
3633 -0.0596679
3634 -0.00998002
3635 -0.00998002
3636 0
3637 -0.00998002
3638 -0.0155756
3639 -0.0206163
3640 -0.0280211
3641 -2.71441e-16
3642 -0.0206163
3643 -0.0246746
3644 0
3645 0
3646 -0.00948323
3647 -0.0635278
3648 -0.00998002
3649 0
3650 0
3651 -0.00998002
3652 0
3653 -2.71441e-16
3654 -0.00725889
3655 0
3656 -0.0325259
3657 0
3658 -0.00998002
3659 0
3660 -0.0100258
3661 -0.00556675
3662 -0.0206163
3663 -0.00725889
3664 0
3665 -0.00948323
3666 -0.00948323
3667 0
3668 -0.00725889
3669 -0.00998002
3670 -0.028021
3671 0
3672 -0.028021
3673 -0.0100019
3674 -0.0100258
3675 -0.0464635
3676 -0.00998002
3677 -0.0355067
3678 0
3679 0
3680 -0.00998002
3681 -0.0333398
3682 0
3683 0
3684 0
3685 -0.0543113
3686 -0.00725889
3687 0
3688 -5.42882e-16
3689 -0.00998002
3690 0
3691 -0.018818
3692 -0.018818
3693 0
3694 0
3695 -0.00948323
3696 -0.028021
3697 -0.0194628
3698 -0.0520897
3699 -0.00998002
3700 -0.0365074
3701 -0.0464635
3702 -0.00998002
3703 0
3704 -0.0206163
3705 -0.0353449
3706 -0.165353
3707 -0.00557369
3708 -0.028021
3709 0
3710 -0.00948276
3711 0
3712 -0.00904265
3713 0
3714 -0.0127379
3715 -0.0127379
3716 -2.71441e-16
3717 -0.00556675
3718 -0.0135121
3719 -0.0596679
3720 -0.0100258
3721 -0.00998002
3722 -0.0100258
3723 0
3724 -0.0302991
3725 -0.000394966
3726 0
3727 -0.0284707
3728 -0.00998002
3729 0
3730 -0.00688052
3731 -0.0305292
3732 -0.0264065
3733 0
3734 -0.0325259
3735 0
3736 -0.013761
3737 0
3738 -2.71441e-16
3739 -0.0155756
3740 0
3741 -0.0353449
3742 0
3743 0
3744 -0.0325259
3745 0
3746 -0.0100258
3747 0
3748 -0.0127379
3749 -0.0280211
3750 -0.0231605
3751 -0.0100258
3752 -0.00998002
3753 -0.00725889
3754 -0.00998002
3755 0
3756 -0.000394966
3757 0
3758 0
3759 0
3760 -0.00948276
3761 -0.018818
3762 -2.71441e-16
3763 0
3764 -0.0222695
3765 -0.0246746
3766 0
3767 -0.00725889
3768 -0.000394966
3769 -0.018818
3770 -0.0111422
3771 -0.0152646
3772 0
3773 0
3774 -0.0152646
3775 -2.71441e-16
3776 -0.0246746
3777 0
3778 -0.0365074
3779 -0.0145988
3780 0
3781 -0.027773
3782 0
3783 -0.0161444
3784 -0.00904265
3785 -0.00948323
3786 0
3787 -0.00765386
3788 -0.00998002
3789 -0.0135121
3790 -0.028021
3791 -0.00725889
3792 -0.0206163
3793 0
3794 -0.0333398
3795 -0.028021
3796 -2.71441e-16
3797 0
3798 -2.71441e-16
3799 -0.0161444
3800 -0.0222695
3801 -0.0596679
3802 -0.0325259
3803 0
3804 0
3805 0
3806 0
3807 -0.028021
3808 0
3809 -0.028021
3810 -0.0152646
3811 0
3812 0
3813 -2.71441e-16
3814 -0.0333398
3815 0
3816 0
3817 0
3818 0
3819 -0.0352151
3820 -0.00998002
3821 0
3822 0
3823 0
3824 0
3825 0
3826 -0.000394966
3827 0
3828 -0.00904265
3829 0
3830 0
3831 0
3832 -0.00998002
3833 -0.00998002
3834 -0.0127379
3835 -0.0161444
3836 0
3837 -0.0206163
3838 -0.0100258
3839 -0.0704083
3840 0
3841 -0.00904265
3842 -0.0120183
3843 0
3844 0
3845 0
3846 -0.0100258
3847 0
3848 -0.00998002
3849 -0.013761
3850 -0.0161444
3851 -0.0353449
3852 -0.0246746
3853 0
3854 0
3855 -0.0264065
3856 0
3857 0
3858 -0.0206163
3859 0
3860 -0.0100019
3861 0
3862 -0.0464635
3863 -0.0365074
3864 -2.71441e-16
3865 -0.0280211
3866 -0.0231605
3867 0
3868 -0.00948323
3869 0
3870 -0.000394966
3871 -0.00556675
3872 -0.0353449
3873 0
3874 0
3875 0
3876 -0.0635278
3877 -0.00998002
3878 -0.0280211
3879 -0.0302991
3880 -0.0485258
3881 -2.71441e-16
3882 -0.0246746
3883 -0.0206163
3884 -0.0100258
3885 0
3886 -0.0222695
3887 -0.0635278
3888 -0.00948276
3889 -0.0635278
3890 -0.0365074
3891 -0.0100019
3892 0
3893 -0.0246746
3894 -2.71441e-16
3895 0
3896 -2.71441e-16
3897 -0.246774
3898 -0.00998002
3899 0
3900 0
3901 -0.0333398
3902 -0.00688052
3903 -0.08832
3904 -0.0100258
3905 0
3906 0
3907 0
3908 -0.018818
3909 -0.0452638
3910 0
3911 0
3912 -0.0111422
3913 -0.0127379
3914 -0.00948276
3915 0
3916 0
3917 -0.0353449
3918 -0.0635278
3919 -0.0127379
3920 0
3921 -0.00998002
3922 0
3923 -0.0222695
3924 -0.0352151
3925 -0.0280211
3926 -0.00557369
3927 0
3928 0
3929 -0.0365074
3930 0
3931 0
3932 -0.028021
3933 -0.00998002
3934 0
3935 -0.0120183
3936 0
3937 -0.0280211
3938 0
3939 0
3940 -0.00998002
3941 -0.028021
3942 -0.00948276
3943 0
3944 0
3945 -0.0246746
3946 -0.00557369
3947 0
3948 0
3949 -0.0127379
3950 -0.027773
3951 0
3952 0
3953 -0.0206163
3954 -0.00998002
3955 0
3956 0
3957 -0.0100019
3958 0
3959 -0.00948323
3960 -0.01996
3961 -0.00688052
3962 0
3963 -0.0100019
3964 -0.00998002
3965 0
3966 0
3967 -0.161838
3968 0
3969 -0.0111422
3970 0
3971 0
3972 -0.00998002
3973 0
3974 -0.0985531
3975 -0.00688052
3976 -0.00688052
3977 0
3978 0
3979 0
3980 -0.0231605
3981 -0.0206163
3982 0
3983 -2.71441e-16
3984 -0.00998002
3985 -2.71441e-16
3986 0
3987 0
3988 -0.0284707
3989 -0.018818
3990 0
3991 0
3992 -0.0127379
3993 -0.028021
3994 -2.71441e-16
3995 0
3996 0
3997 0
3998 -0.000394966
3999 -0.00448063
4000 0
4001 -0.00725889
4002 0
4003 -0.0100258
4004 0
4005 -0.0222695
4006 -0.0222695
4007 -2.71441e-16
4008 -0.00998002
4009 -0.00998002
4010 -0.0325259
4011 0
4012 -0.0127379
4013 0
4014 -2.71441e-16
4015 -0.0206163
4016 -0.0353449
4017 -2.71441e-16
4018 0
4019 0
4020 -2.71441e-16
4021 -0.00725889
4022 0
4023 -0.125925
4024 -0.00725889
4025 0
4026 0
4027 -0.0333398
4028 0
4029 -0.00998002
4030 -0.00725889
4031 -0.00998002
4032 0
4033 -0.0127379
4034 -0.00725889
4035 0
4036 0
4037 -0.0264065
4038 0
4039 -0.00948323
4040 -2.71441e-16
4041 0
4042 -2.71441e-16
4043 0
4044 0
4045 0
4046 -0.020746
4047 -0.00998002
4048 0
4049 0
4050 -0.0231605
4051 -0.00725889
4052 -0.0231605
4053 -0.00998002
4054 -0.00998002
4055 -0.0100019
4056 -0.0206163
4057 -0.00998002
4058 -0.0120183
4059 0
4060 0
4061 -0.00948323
4062 -0.00688052
4063 0
4064 0
4065 0
4066 0
4067 -0.0302991
4068 -0.00725889
4069 0
4070 -2.71441e-16
4071 0
4072 0
4073 -0.0152646
4074 -0.00725889
4075 -0.00998002
4076 0
4077 -0.00998002
4078 0
4079 0
4080 0
4081 0
4082 0
4083 -0.0100258
4084 0
4085 -0.0375134
4086 -0.0127379
4087 -0.0222695
4088 -0.00948323
4089 -0.214565
4090 0
4091 0
4092 -0.00948276
4093 -0.00448063
4094 0
4095 0
4096 0
4097 0
4098 0
4099 -0.00948276
4100 0
4101 0
4102 -0.0246746
4103 0
4104 0
4105 -0.00948323
4106 0
4107 -2.71441e-16
4108 0
4109 -0.0111422
4110 -0.00948323
4111 0
4112 -0.0231605
4113 0
4114 0
4115 0
4116 -0.0353449
4117 0
4118 0
4119 -0.312067
4120 0
4121 0
4122 0
4123 -0.027773
4124 0
4125 0
4126 0
4127 0
4128 -0.0152646
4129 -0.0520897
4130 0
4131 0
4132 0
4133 -2.71441e-16
4134 0
4135 -0.0355067
4136 -0.00556675
4137 -0.0302991
4138 -0.0194633
4139 0
4140 0
4141 -0.00948276
4142 0
4143 0
4144 -0.000394966
4145 0
4146 -0.00556675
4147 0
4148 -2.71441e-16
4149 0
4150 -0.0100258
4151 0
4152 -0.0485258
4153 -0.018818
4154 -0.0222695
4155 0
4156 -2.71441e-16
4157 0
4158 0
4159 -2.71441e-16
4160 -0.0222695
4161 0
4162 0
4163 -2.71441e-16
4164 -0.00948276
4165 -0.00998002
4166 -0.00688052
4167 -0.0222695
4168 -0.0100258
4169 -0.00725889
4170 0
4171 -0.0635278
4172 -0.0353449
4173 -0.0635278
4174 -2.71441e-16
4175 -0.00904265
4176 -2.71441e-16
4177 -0.0620697
4178 -0.00998002
4179 0
4180 0
4181 0
4182 -0.00998002
4183 -0.00948276
4184 -0.0145988
4185 0
4186 0
4187 0
4188 -0.00948276
4189 -2.71441e-16
4190 -0.00688052
4191 -0.00725889
4192 -0.00948323
4193 -0.0127379
4194 -0.00998002
4195 0
4196 -2.71441e-16
4197 -0.028416
4198 -0.00948323
4199 -0.0284707
4200 -0.00998002
4201 -0.00948323
4202 0
4203 -0.0127379
4204 -0.00998002
4205 0
4206 -0.0365074
4207 -0.0127379
4208 -0.0100258
4209 -0.00948276
4210 0
4211 0
4212 0
4213 0
4214 0
4215 0
4216 -0.0127379
4217 0
4218 -0.00998002
4219 0
4220 -2.71441e-16
4221 0
4222 0
4223 0
4224 0
4225 0
4226 -0.00948276
4227 -0.0485258
4228 0
4229 0
4230 -0.00998002
4231 -0.00556675
4232 0
4233 -0.0264065
4234 0
4235 0
4236 -0.00725889
4237 0
4238 -2.71441e-16
4239 -0.0231605
4240 -0.200287
4241 0
4242 0
4243 -0.00725889
4244 0
4245 -0.00998002
4246 -0.0222695
4247 -0.0145988
4248 -0.0206163
4249 -0.000394966
4250 -0.00688052
4251 0
4252 0
4253 0
4254 -0.0161444
4255 0
4256 -0.00904265
4257 0
4258 0
4259 -0.00948276
4260 -0.185022
4261 0
4262 -0.0264065
4263 0
4264 -0.00948323
4265 0
4266 0
4267 0
4268 -0.0152646
4269 -2.71441e-16
4270 -0.00688052
4271 -0.00948276
4272 0
4273 -0.0306421
4274 -0.020746
4275 0
4276 0
4277 0
4278 0
4279 -0.0145988
4280 0
4281 -2.71441e-16
4282 -0.027773
4283 0
4284 0
4285 0
4286 -0.00998002
4287 -0.0620697
4288 0
4289 -0.0329513
4290 -0.0135121
4291 -0.0127379
4292 -0.00998002
